0000000000000000000000000000000000000000000000000000000000000000000000000000000000000000000000000000000000000000000000000000000000
0000000000000000000000000000000000000000000000000000000000000000000000000000000000000000000000000000000000000000000000000000000000
0000000000000000000000000000000000000000000000000000000000000000000000000000000000000000000000000000000000000000000000000000000000
0000000000000000000000000000000000000000000000000000000000000000000000000000000000000000000000000000000000000000000000000000000000
0000000000000000000000000000000000000000000000000000000000000000000000000000000000000000000000000000000000000000000000000000000000
0000000000000000000000000000000000000000000000000000000000000000000000000000000000000000000000000000000000000000000000000000000000
0000000000000000111111111111111111111111111111111100000000000000000000000000000000000000000000000000000000000000000000000000000000
0000000000000000100000000000000000000000000000000100000000000000000000000000000000000000000000000000000000000000000000000000000000
0001111111111111111111111111111111111111111111000100000000000000000000000000000000000000000000000000000000000000000000000000000000
0001000000000000100000000000000000000000000001000100000000000000000000000000000000000000000000000000000000000000000000000000000000
0001000000000000100000000000000000001111111111110100000000000000000000000000000000000000000000000000000000000000000000000000000000
0001000000000000100000000000000000001000000001010100000000000000000000000000000000000000000000000000000000000000000000000000000000
0001000000000000100000000000000000001000000001010100000000000000000000000000000000000000000000000000000000000000000000000000000000
0001000000000000100000000000000000001000000001010100000000000000000000000000000000000000000000000000000000000000000000000000000000
0001000000000000100000000000000000001000000001010100000000000000000000000000000000000000000000000000000000000000000000000000000000
0001000000000000100000000000000000001000000001010100000000000111111111111111111111110000000000000000000000000000000000000000000000
0001000000000000100000000000000000001000000001010100000000000100000000000000000000010000000000000000000000000000000000000000000000
0001000000000000100000011111111111111111111111111111111111111111111111111111111111111111111111111111110000000000000000000000000000
0001000000000000100000010000000000001000000001010100000000000100000000000000000000010000000000000000010000000000000000000000000000
0001000000000000100000010000000000001000000001010100000000000100000000000001111111111111111111111110010000000000000000000000000000
0001000000000000100000010000000000001000000001010100000000000100000000000001000000010000000000000010010000000000000000000000000000
0001000000000000100011111111111100001000000001010100000000000111111111111111111111111111111111111110010000000000000000000000000000
0001000000000000100010010000000100001000000111111111111111100000000000000001000000010000000000000000010000000000000000000000000000
0001000000000000111111111111111111111111111111010100000000100000000000000001000000010000000000000000010000000000000000000000000000
0001000000000000000010010000000100001000000100010100000000100000000000000001000000010000000000000000010000000000000000000000000000
0001000000000000000010010000000100001000000100010100000000100000000000000001000000010000000011111111111111111000000000000000000000
0001000000000000000010010000000100001000000100010100000000100000000000000001000000010000000010000000010000001000000000000000000000
0001000000000000000010010000000100001000000100010100000000100000000000000001000000010111111111111100010001111111111111111000000000
0001000000000000000010010000000100001000000100010100000000100000000000000001000000010100000010000100010001001000000000001000000000
0001001111100000000010011111111111111111111111111111111111111111111111111111111111110100000010000100010001001000000000001000000000
0001001000100000000010000000000100001000000100010100000000100000000000000001000000000100000010000100010001001000000000001000000000
0001001000100000000010000000000100001000000100010100000000100000000111111111111111111111111111111111111111111111111111101000000000
0001001000100000011111111111111111111111111111111111111100100000000100000001000000000100000010000100010001001000000000101000000000
0001001000100000010010000000000100001000000100010100000100100000000100000001000000000100000010000100010001001000000000101000000000
0001001000100000010010000001111111111111100100010100000100100000000100000001000000000100000010000100010001001000000000101000000000
0001001000100000010010000001000100001000100100010111111111111111111111111111111111000100000010000100010001001000000000101000000000
0001001000100000010010000001000100001000100100010110000100100000000100000001000001000100000010000100010001001000000000101000000000
0001001000100000010010000001000100001000100100010110000100100000000100000001000111111111111111111111010001001000000000101000000000
0001001000100000010010000001000100001000100100010110000100100000000100000001000101000100000010000101010001001000000000101000000000
0001001000100000010010000001000100001000100100010110000100100000000100000001000101000100000010000101010001001000000000101000000000
0001001000100111111111111111111111111111111111111111111111111111100100000001111111111111111111111111111111111000000000101000000000
0001001000100100010010000001000100001000100100010110000100100000100100000000000101000100000010000101010001000000000000101000000000
0001001000101111111111111111110100001000100100010110000100100000100100000000000101000100000010000101010001000000000000101000000000
0001001000101100010010000001010100001000100100010110000100111111111111111111111111100100000010000101010001000000000000101000000000
0001001000101100010010000001010100001000100100010110000100110000100100000000000101100100000010000101010001000000000000101000000000
1111111111111111111111111111111111111111111111111111111111111111111111111111111111111111111111111111111111111111110000101000000000
0001001100101100010010000001000100001000100100010110000100110000100100000000000101100100000010000101010001000000010000101000000000
0001001100101100010010000001011111111111111111111111111111111111111111111111111111111111111010000101010001000000010000101000000000
0001001100101100010010000001010100001000100100010110000100110000100100000000000101100100001010000101010001000000010000101000000000
0001001100101100010010000001010100001000100101111111111111111111111111111111111111111111111111111111111111111110010000101000000000
0001001100101100010010000001010100001000100101010110000100110000100100000000000101100100001010000101010001000010010000101000000000
0001001100101100010010000001010100001000100101010110000100110000100100000000000101100100001010000101010001000010010000101000000000
0001001100101100010010000001010100001000100101010110000100110000100100000000000101100100001010000101010001000010010000101000000000
0001111111101100010011111111111111111111111111111111111111110000100100000000000101100100001010000101010001000010010000101000000000
0000001100001100010000000001010100001000100101010110000100010000100100000000000101100100001010000101010001000010010000101000000000
0000001100001100010000000001010100111111111111111111111111111111111111111100000101101111111111111111111111110010010000101000000000
0000001100001100010000000001010100101000100101010110000100010000100100000100000101101100001010000101010001010010010000101000000000
0000001100001100010000000001010100101000100101010110000100010000100111111111111111111111111111111111110001010010010000101000000000
0000001100001100010000000001010100101111111111111111111111111111111111111111100101101100001010000101000001010010010000101000000000
0000001100001100011111111111111111111111111111111111111111111111100000000100100101101100001010000101000001010010010000101000000000
0000001100001100000000000001010100101100100101010110000100010000000000000100100111111111111111111111111111110010010000101000000000
0000001100001100000000000001010100101100100101010110000100010000111111111111111111111111111111111111111111100010010000101000000000
0000001111111111111111111111111111111111111111110110000100010000100000000100100001101100001010000101000001100010010000101000000000
0000000100001100000000000001010100101100100101000110000100010000111111111111111111111111111111111111111111111111111111101000000000
0000000100001100000000000001010100101111111111111111111111111111111111111111111111111111111111111111000001100010010000001000000000
0000000100001100000000000001010100100100100101000110000100010000000000000100100001101100001010000100000001100010010000001000000000
0000000100001111111111111111111111111111111111111110000100010000000000000100100001101100001010000100000001100010010000001000000000
0000000100000100000000000001010100100100100101000010000100010000000000000100100001101100001010000100000001100010010000001000000000
0000000100111111111111111111111111111111111111111111111111111111110000000100100001101100001010000100000001100010010000001000000000
0000000100100100000000000001010100100100100101000010000100010000010000000100100001101100001010000101111111111111111111101000000000
0000000100100100000000000001010100100100100101000010000100010000010000000100100001101100001010000101000001100010010000101000000000
0000000100100100000000000001010100100100100101000010000100010000010000000100100001101100001010000101000001100010010000101000000000
0000000100100100000000000001010100111111111111111111111111111111111111111111110001101100001010000101000001100010010000101000000000
0000000100100100000000000001010100110100100101000010000100010000010000000100110001101100001010000101000001100010010000101000000000
0000000100100100000000000001010100110100100101001111111111111111111111111111111111111111111111111111110001100010010000101000000000
0000000100100100000000000001010100110100100101001010000100010000010000000100110001101100001010000101010001100010010000101000000000
0001111111111111111111111111111111111111111111111111111111111111111111000100110001101111111111111111111111111111111111111000000000
0001000100100100000000000001010100110100100101001010000100010000010001000100110001100100001010000101010001100010010000100000000000
0001000100100100000111111111111111111111111111111111111111111111111111111111111111111110001010000101010001100010010000100000000000
0001000100100100000100000001010100110100100101001010000100010000010001000100110001100110001010000101010001100010010000100000000000
0001000100100100000100000001010100110100100101001010000100010000010001000100110001100110001010000101010001100010010000100000000000
0001000100100100000100000001010100110100100101001010000100010000010001000100110001100110001010000101010001100010010000100000000000
0001000100100100000100000001010100110100100101001010000100010000010001000100110001100110001010000101010001100010010000100000000000
0001000100100100000100000001010100111111111111111111111111111111110001000100110001100110001010000101010001100010010000100000000000
0001000100100100000100000001010100010100100101001010000100010000000001000100110001100110001010000101010001100010010000100000000000
0001000100100100000100000001010101111111111111111111000100011111111111111111111111100110001010000101010001100010010000100000000000
0001000100100100000100000001010101010100100101001011000100000000000001000100110000100110001010000101111111100010010000100000000000
0001000100111111111111111111111111111111100100001011000100000000000001000100110000100110001010000100010001000010010000100000000000
0001000100000100000100000001010101010100000100001011000100000000000001000100110000100110001010000100010001000010010000100000000000
0001000100000100000100000001010101010100000111111111111111111111111111111111111111100110001010000100010001000010010000100000000000
0001000100000100000100000001010101111111111111111111111111111111111111111100110000000110001011111100010001000010010000100000000000
0001000100000100000100000001010100010100000000001011000100000000000001000000110000000110001000000000010001000010010000100000000000
0001000100000100000100000001010100010100000000001011000100000000000001000000110000111111111111111111111111111111111111111110000000
0001000100000100000100000001010111111111111111111111111111111111111111111111111111111111111111111111111111111111010000100010000000
0001000100000100111111111101011111111111111111111111111100000000000001000000110000100110001000000000010001000011010000100010000000
0001000100000100100100000101000110010100000000001011000000000000000001000000110000100111111111111111111111111111110000100010000000
0001000100000100100100000101000110010100000000001011000111111111111111111111111111111111101000000000010001000011000000100010000000
0001000100000111111111111111111110010100000000001011000100000000000001000000110000100010101000000000010001000011000000100010000000
0001000100000000100100000101000010010100000000001011000100000000000001000000110000100010101000000000010001000011000000100010000000
0001000100000000100100000101000010010100000000001011000111111111111111111111111111111111111000000000010001000011000000100010000000
0001000100001111111111111111111111111111111111111111111110000000000001000000110000100010100000000000010001000011000000100010000000
0001000100001000100100000101000010010100000000001011111111111111111111111111111111111111111111111111111111111111000000100010000000
0001000100001000100100000101000010010100000000001001000010000000000001000000110000100010100000000000010001000001000000100010000000
0001000100001000100100000101000010010100000000001001000010000000000001000000110000100010100000000000010001000001000000100010000000
0001000100001000100111111111111111111111111111111111111111111111111111111111111111111111111111111111111111111111111111100010000000
0001000100001000100000000101000010010100000000001001000010000000000001000000110000100010100000000000010001000001000000000010000000
0001000100001000100000000101111111111111111111111111111111111111111111000000110000100010100000000000010001000001000000000010000000
0001000100001000100000000100000010010100000000001001000010000000000000000000110000100010100000000000010001000001000000000010000000
0001000100001000100000000100000010010100000000001001000010000000000000000000110000100010100000000000010001000001000000000010000000
0001000100001111111111111111111111111111111111111111111111111111111111111111110000100010100000000000010001000001000000000010000000
0001000100000000111111111111111111111111111111111111111110000000000000000000100000100010100000000000010001000001000000000010000000
0001000100000000000000000100000010010100000000001001000000000000000000000000100000100010100000000000010001000001000000000010000000
0001000100000000000000000100000010010111111111111111111111111111111111111111111111111111100000000000010001000001000000000010000000
0001000100000000000000000100000010010000000000001111111111111111111111111111111111111110000000000000010001000001000000000010000000
0001000100000000000000000100000010010000000000011111111111111111111111110000100000100000000000000000010001000001000000000010000000
0001000100000000000000000100000010011111111111111111111111111111111111111111100000100000000000000000010001000001000000000010000000
0001000100000000000000000100000010000000000000010001000000000000000000010000000000100000000000000000010001000001000000000010000000
0001000111111111111111111100000010000000000000010001000000000000000000010000000000100000000000000000010001000001000000000010000000
0001000000000000000000000000000010000000000000010001000000000000000000010000000000100000000000000000010001111111111111111110000000
0001000000000000000000000000000010000000000000010001000000000001111111111111111111111111111111100000010000000001000000000000000000
0001000000000000000000000000000011111111111111111111000000000001000000010000000000100000000000100000010000000001000000000000000000
0001000000000000000000000000000000000000000000010000000000000001000000010000000000111111111111111111111111111111000000000000000000
0001000000000000000000000000000000000000000000010000000000000001000000010000000000000000000000100000010000000000000000000000000000
0001000000000000000000000000000000000000000000011111111111111111111111111111111111111111111111100000010000000000000000000000000000
0001000000000000000000000000000000000000000000000000000000000001000000010000000000000000000000000000010000000000000000000000000000
0001111111111111111111111111111111111111111111111111111111111111111111110000000000000000000000000000010000000000000000000000000000
0000000000000000000000000000000000000000000000000000000000000001000000000000000000000000000000000000010000000000000000000000000000
0000000000000000000000000000000000000000000000000000000000000001111111111111111111111111111111111111110000000000000000000000000000
0000000000000000000000000000000000000000000000000000000000000000000000000000000000000000000000000000000000000000000000000000000000
0000000000000000000000000000000000000000000000000000000000000000000000000000000000000000000000000000000000000000000000000000000000
